0 -18.510963455149472
1 -18.069503546099252
2 -16.735153583617723
3 -18.43198653198651
4 -18.328104575163373
5 -17.543283582089522
6 -18.72044728434502
7 -18.5437086092715
8 -18.162717770034824
9 -17.55956678700358
10 -16.638888888888864
11 -17.251824817518212
12 -18.87499999999997
13 -18.443708609271482
14 -18.84177215189871
15 -18.065724381625422
16 -17.91818181818179
17 -18.54210526315787
18 -17.673408239700336
19 -18.050847457627086
20 -18.264983164983118
21 -17.85956678700358
22 -17.254295532646022
23 -17.292156862745063
24 -17.633333333333304
25 -19.23529411764704
26 -17.785185185185156
27 -18.477591973244117
28 -18.394557823129226
29 -17.91151079136688
30 -18.533333333333296
31 -16.284057971014455
32 -18.335153583617714
33 -17.779487179487152
34 -18.258620689655146
35 -18.023404255319107
36 -17.251968503936983
37 -18.391836734693843
38 -17.30145985401457
39 -18.11398601398599
40 -17.159566787003584
41 -17.10810810810807
42 -15.069230769230746
43 -18.43198653198651
44 -18.62810457516337
45 -18.46666666666664
46 -17.284981684981652
47 -17.677639751552768
48 -17.97759197324412
49 -18.585245901639325
50 -18.006405693950153
51 -18.117482517482483
52 -17.47885304659495
53 -18.422073578595295
54 -17.898019801980162
55 -18.696774193548364
56 -18.422073578595295
57 -18.01560283687941
58 -18.51096345514948
59 -18.156140350877163
60 -16.07107438016526
61 -18.466666666666644
62 -18.532450331125787
63 -18.115492957746447
64 -18.720447284345024
65 -16.394366197183068
66 -19.115407854984873
67 -18.138888888888854
68 -17.714285714285687
69 -15.41538461538459
70 -18.25429553264603
71 -18.238888888888848
72 -18.754320987654282
73 -16.817266187050325
74 -16.707246376811565
75 -16.51372549019605
76 -18.47718120805367
77 -18.61335504885991
78 -18.670684039087924
79 -18.277181208053662
80 -17.73333333333329
81 -18.11877022653718
82 -17.718770226537185
83 -17.94945848375448
84 -18.408108108108074
85 -17.70597014925371
86 -18.259169550172988
87 -17.18405797101446
88 -17.590874524714806
89 -18.660130718954214
90 -18.670684039087924
91 -18.488704318936836
92 -17.190476190476154
93 -17.5908745247148
94 -18.860815047021926
95 -17.60566037735846
96 -17.560606060606034
97 -18.821383647798715
98 -17.029889298892957
99 -18.71877022653718
100 -17.207246376811565
101 -17.094980694980663
102 -17.22712933753941
103 -4.518181818181789
104 -15.59213483146063
105 -18.5324503311258
106 -18.198961937716227
107 -16.693197278911537
108 -17.11748251748248
109 -17.730111524163544
110 -18.198961937716227
111 -18.17839721254353
112 -18.433110367892937
113 -17.333333333333293
114 -14.78277153558047
115 -17.442911877394604
116 -18.023404255319107
117 -16.873408239700346
118 -17.52786885245898
119 -17.68648648648646
120 -18.660130718954214
121 -16.98571428571424
122 -17.87142857142853
123 -18.00640569395015
124 -19.20058997050145
125 -19.00724637681156
126 -17.420155038759667
127 -18.094366197183056
128 -17.788235294117595
129 -15.74328358208951
130 -17.76013071895422
131 -18.776433121019068
132 -17.707395498392245
133 -17.793197278911528
134 -17.772727272727238
135 -19.34913294797685
136 -16.764983164983136
137 -17.064705882352907
138 -17.292156862745077
139 -16.932155477031777
140 -19.237243401759507
141 -17.18144329896903
142 -15.22386831275717
143 -17.814388489208604
144 -17.638754325259477
145 -16.373239436619688
146 -18.67068403908793
147 -18.606557377049146
148 -18.421476510067087
149 -18.014285714285688
150 -18.390476190476136
151 -17.08498168498165
152 -17.918181818181797
153 -18.026984126984097
154 -18.670967741935467
155 -18.390476190476164
156 -18.598679867986775
157 -18.4297297297297
158 -18.40810810810807
159 -18.72555910543128
160 -16.81818181818179
161 -18.317869415807536
162 -17.24981549815494
163 -18.427129337539398
164 -15.881818181818142
165 -19.20088495575218
166 -17.01726618705032
167 -17.791836734693845
168 -19.048484848484815
169 -15.743283582089523
170 -17.49834983498346
171 -17.884057971014453
172 -16.942911877394607
173 -17.39462365591393
174 -16.46249999999996
175 -16.378546712802724
176 -15.653696498054451
177 -18.9260188087774
178 -18.872555205047284
179 -17.68405797101445
180 -16.62340425531911
181 -18.981481481481445
182 -18.17721518987338
183 -16.663157894736813
184 -18.585245901639322
185 -19.056097560975587
186 -17.42218430034126
187 -18.238754325259485
188 -18.682524271844624
189 -17.86086956521735
190 -18.262576687116542
191 -17.994623655913948
192 -17.242911877394608
193 -18.188704318936836
194 -18.926018808777407
195 -15.669230769230737
196 3.662686567164191
197 -18.165517241379263
198 -17.345161290322554
199 -17.796039603960352
200 -17.965517241379285
201 -17.235782747603796
202 -15.910861423220922
203 -14.311462450592753
204 -16.809090909090862
205 -17.558974358974318
206 -18.033110367892938
207 -15.181545064377616
208 -19.113636363636324
209 -16.569741697416948
210 -14.922222222222171
211 -19.05853658536581
212 -17.59867549668872
213 -17.231205673758843
214 -16.87153024911027
215 -16.8195121951219
216 -16.02481203007514
217 -18.805982905982873
218 -16.674074074074042
219 -12.447136563876539
220 -16.498916967509
221 -17.782352941176406
222 -17.92418300653591
223 -17.245161290322557
224 -17.709933774834397
225 -15.209594095940883
226 -16.557337883959
227 -18.01006711409392
228 -17.591803278688495
229 -18.624999999999968
230 -17.421192052980107
231 -17.319133574007186
232 -16.530249110320227
233 -17.4581314878892
234 -16.649999999999963
235 -17.697923875432455
236 -17.92555910543128
237 -18.52597402597398
238 -18.214790996784537
239 -17.10975609756094
240 -16.620689655172352
241 -18.2194029850746
242 -15.103614457831284
243 -17.81940298507459
244 -17.405555555555527
245 -15.909090909090846
246 -16.524475524475495
247 -16.74136807817586
248 -18.249180327868824
249 -17.31228070175432
250 -18.024999999999963
251 -15.914492753623158
252 -18.51798107255517
253 -17.917981072555165
254 -17.29999999999997
255 -17.641114982578348
256 -13.231205673758787
257 -17.738596491228034
258 -16.22499999999995
259 -18.129824561403474
260 -17.458974358974306
261 -16.526710097719807
262 -18.15518394648825
263 6.440830449827015
264 -16.714790996784494
265 -15.459420289854954
266 -15.833333333333208
267 -15.996885813148735
268 -16.079816513761358
269 -18.049689440993717
270 -15.344444444444303
271 -18.801474926253647
272 -13.412499999999831
273 -17.27515923566874
274 -16.453642384105827
275 -18.09156626506021
276 -18.399665551839423
277 -17.46501766784449
278 -16.27247386759577
279 -13.457337883958935
280 -16.518339100345937
281 -14.733333333333192
282 -16.72926829268289
283 -13.48343949044574
284 -13.899999999999931
285 -15.121926910298926
286 -17.548297213622234
287 -13.404477611940127
288 -12.763636363636229
289 -12.826315789473568
290 -10.329921259842395
291 -17.999999999999975
292 -18.099667774086342
293 -14.797879858657156
294 -17.995709570957032
295 -18.817241379310325
296 -15.63333333333325
297 -17.637620578778098
298 -18.199999999999967
299 -16.931654676258947
300 -12.729520295202803
301 -12.972623574144345
302 -18.22499999999995
303 -16.553846153846045
304 -14.59783393501788
305 -17.23112582781448
306 -15.468060836501774
307 -12.921739130434645
308 -15.288235294117564
309 -16.3118644067796
310 -15.396245733788312
311 -12.282736156351632
312 -14.638461538461423
313 -15.382608695652028
314 2.290140845070496
315 -15.429411764705801
316 -4.159649122807252
317 -9.959459459459326
318 -15.899999999999912
319 -12.792907801418325
320 -14.15897435897428
321 -9.522222222222139
322 -12.662721893490975
323 -11.256794425087003
324 -14.009215017064781
325 -5.227196652719732
326 0.09452054794507703
327 -8.266666666666547
328 -3.602996254681857
329 -15.937837837837716
330 -9.277186311786956
331 -11.795709570956966
332 -12.461341853035028
333 -16.644099378881887
334 -14.50703812316708
335 -6.300709219858094
336 -13.905555555555436
337 -13.988519637462144
338 -14.777018633540145
339 -13.697394136807677
340 -12.68911564625843
341 -7.928205128205015
342 -12.06470588235287
343 -14.28389057750753
344 -12.6050179211468
345 -16.76093294460634
346 -5.616312056737547
347 -10.054362416107303
348 4.721052631578656
349 -7.031448763250857
350 3.108695652173404
351 -16.772972972972894
352 -13.72192691029893
353 -11.811864406779549
354 -4.990034364261167
355 -6.347368421052623
356 -10.944368600682465
357 4.429083665338215
358 -10.102040816326388
359 -1.2027027027027604
360 -11.941935483870875
361 -11.533333333333253
362 -10.912820512820337
363 -6.516981132075524
364 -5.835640138408337
365 -8.678082191780742
366 -12.958441558441363
367 -6.441935483870939
368 -16.262886597938014
369 -11.979365079364987
370 -9.21843003412954
371 -6.299331103678984
372 -14.707294832826603
373 7.722813688213034
374 4.942857142856761
375 -4.5871794871795935
376 -8.065648854961758
377 -7.898675496688675
378 -12.319133574007138
379 -8.124475524475471
380 6.468874172185046
381 -6.672972972972955
382 5.924137931034133
383 -8.427972027971956
384 -0.6469387755103551
385 -0.5913043478261955
386 8.370411985018173
387 -1.9119691119691922
388 22.891814946618744
389 2.2455938697315716
390 -12.364983164983123
391 6.60163934426199
392 -11.798675496688652
393 3.6838509316767585
394 -13.627397260273906
395 -8.978546712802704
396 -11.595061728395004
397 -4.285714285714279
398 -2.2375404530745104
399 -9.445017182130515
400 32.045454545454135
401 5.228971962616534
402 19.957142857142436
403 -6.381749049429635
404 -5.64237288135598
405 -7.138596491228034
406 -10.535782747603772
407 26.84498269896143
408 -9.74810126582272
409 3.5535211267603355
410 -7.673684210526277
411 12.316181229773164
412 -15.042857142857095
413 -2.631746031746216
414 1.527118644067615
415 -5.564310954063583
416 -11.597979797979743
417 -1.655223880597065
418 -7.787755102040767
419 -0.43208722741444383
420 7.942424242423897
421 3.39444444444422
422 -3.6986577181208613
423 -6.0121951219511995
424 -2.0857142857143867
425 2.462283737024034
426 -0.7636363636364969
427 6.0904059040587875
428 2.3370370370368665
429 -3.8285714285714523
430 -13.926018808777394
431 -9.562645914396807
432 -1.45770609319006
433 1.8094637223973429
434 -8.978546712802704
435 -5.746616541353337
436 -3.1677419354839387
437 -2.6629629629630127
438 16.727450980391808
439 2.279865771811817
440 -2.079446640316286
441 16.34641638225216
442 -6.6945945945945535
443 -7.855279503105539
444 -11.480076628352412
445 -7.0776951672862225
446 -2.1419354838710625
447 -3.170370370370435
448 -7.4773049645389715
449 -4.256794425087181
450 11.775675675675373
451 -8.231818181818122
452 13.67014925373104
453 -8.59213483146059
454 2.015384615384452
455 -5.647648902821382
456 -9.75425867507877
457 8.705442176870765
458 33.966101694914876
459 32.148328267476835
460 -3.5312056737589153
461 -6.345454545454528
462 9.418918918918664
463 13.282995951416744
464 -7.197689768976867
465 14.847457627118366
466 -9.899999999999944
467 22.80264900662221
468 -9.235782747603771
469 -6.39444444444443
470 -2.523021582733886
471 3.1142857142855345
472 5.026523297490801
473 18.308835341365196
474 -5.721630094043881
475 -10.533110367892924
476 -5.263406940063097
477 -4.79669966996709
478 18.33984674329475
479 12.43333333333306
480 -1.570370370370462
481 8.018918918918672
482 13.019047619047363
483 -7.72163009404384
484 4.955072463767889
485 -0.39152542372892896
486 -12.581981981981935
487 -2.4945945945946537
488 6.710505836575631
489 -5.206611570247949
490 6.111191335739825
491 10.245054945054562
492 1.4621621621620164
493 24.341064638782868
494 8.144785276073385
495 -1.3532846715329327
496 4.462283737024013
497 -9.615662650602351
498 -8.707006369426695
499 1.142293906809881
500 12.356603773584624
501 2.332394366196988
502 31.342446043165147
503 0.8465753424656164
504 15.101492537313035
505 4.1871473354229085
506 -7.88389057750755
507 3.634951456310443
508 10.818320610686726
509 -0.8419354838710564
510 19.61818181818156
511 8.00123456790078
512 16.41726384364793
513 -3.429824561403562
514 33.6716981132072
515 11.987596899224492
516 -5.327972027972031
517 5.597297297296963
518 -0.5715302491104381
519 28.98461538461509
520 -1.8901840490798225
521 -1.9162162162163092
522 1.7827586206894974
523 3.132394366196989
524 30.7999999999997
525 2.5941176470586544
526 8.32737642585522
527 -9.281443298969016
528 -4.410032362459569
529 -3.384039087947933
530 -3.631468531468565
531 3.0569037656901905
532 16.470588235293846
533 20.95107913669036
534 1.3692579505298053
535 -6.299999999999985
536 2.4006872852231567
537 19.00066445182692
538 9.273539518900073
539 25.13344709897585
540 -4.363973063973084
541 -2.6511182108627
542 -6.571388101982975
543 -4.409933774834462
544 13.326582278480622
545 1.0911949685533209
546 15.14999999999965
547 -12.118181818181771
548 4.668345323740802
549 -4.37922077922083
550 5.518918918918613
551 -6.299999999999985
552 7.895620437955941
553 1.94376996805096
554 22.7600566572237
555 23.893247588424146
556 29.87894736842076
557 -2.7439560439561994
558 -7.614492753623152
559 12.597297297297033
560 23.69128630705366
561 -0.5307692307693372
562 20.91639344262267
563 82.65806451613027
564 -5.863406940063088
565 31.10415224913467
566 5.814176245210486
567 -4.654362416107402
568 6.215686274509558
569 37.83851590105969
570 23.219243986254007
571 50.4524714828903
572 29.365256797582795
573 12.787096774193287
574 -3.9443768996960813
575 38.05593220338941
576 38.410652920961766
577 14.947670250895676
578 5.994805194804767
579 33.53954983922801
580 30.233224755699823
581 70.76844106463982
582 72.70243902439137
583 -5.426164874552031
584 8.583660130718705
585 17.00505050505025
586 -6.063400576368869
587 64.37192982456237
588 29.539549839227988
589 -1.5846153846155353
590 25.951079136690367
591 13.145205479451796
592 3.5624277456645164
593 2.7318840579708255
594 0.18688524590151978
595 39.06755852842775
596 13.379865771811815
597 59.188111888112815
598 -7.7441860465115875
599 36.49693486590009
600 9.094982078852723
601 12.287096774193273
602 9.642857142856862
603 37.50588235294086
604 20.682208588956776
605 -2.161093247588493
606 41.25304659498191
607 16.0249999999997
608 59.8102310231033
609 0.5570469798656337
610 10.469964664310666
611 -2.984030418250999
612 5.161038961038729
613 -7.718339100345962
614 46.69271523178837
615 82.21895424836744
616 34.79811320754687
617 24.26095617529851
618 26.663063063062758
619 50.340875912409295
620 21.319178082191492
621 33.76104868913828
622 20.627118644067494
623 10.338888888888619
624 6.691044776119149
625 33.12657342657307
626 38.18888888888855
627 32.59741100323592
628 -1.0703703703704672
629 32.09270072992662
630 39.5999999999997
631 36.01666666666636
632 27.646416382252283
633 28.643944636677915
634 27.04641638225229
635 20.04452554744497
636 10.423121387282876
637 26.80868167202545
638 85.79283276450631
639 16.49489051094863
640 16.83157894736815
641 19.051624548736193
642 1.6749999999998408
643 18.214285714285552
644 27.60677966101663
645 67.77435897435993
646 42.67220447284346
647 21.778405315614343
648 26.617770034842884
649 0.027835051546265532
650 115.52500000000143
651 9.680487804877721
652 46.610526315789784
653 71.4811808118093
654 7.268456375838696
655 36.59693486590008
656 75.10000000000119
657 37.2740740740738
658 -7.987421383647758
659 51.077777777778465
660 19.909554140127035
661 25.805882352940877
662 27.217391304347508
663 89.35826771653655
664 100.7756013745721
665 26.702090592334123
666 27.714285714285396
667 66.60810810810904
668 49.24832214765151
669 24.54969325153347
670 142.1076923076936
671 57.72222222222321
672 -7.956426332288361
673 12.166666666666394
674 24.95511811023593
675 67.30810810810917
676 39.164383561643156
677 32.675438596490906
678 89.27926421404808
679 70.54489795918467
680 117.179858657247
681 19.42352941176437
682 29.770270270269926
683 -8.695061728395011
684 52.024539877301365
685 14.23511450381644
686 73.01232876712493
687 93.3863013698642
688 36.840157480314566
689 113.7664495114021
690 8.224242424242178
691 22.22352941176441
692 85.51954887218155
693 36.63333333333305
694 -8.438754325259469
695 23.38947368421016
696 197.7585669781965
697 24.38238993710656
698 50.80000000000064
699 36.21379310344798
700 29.725165562913602
701 105.21960784313842
702 23.948427672955717
703 -3.9973597359736317
704 16.859477124182554
705 126.51372549019786
706 86.27142857142961
707 -4.127972027972088
708 55.560975609756966
709 44.110144927536346
710 -9.03933518005534
711 22.43690851734987
712 28.90140845070392
713 33.23954983922802
714 -0.40985915492968594
715 59.23664122137497
716 25.905295950155477
717 176.00000000000176
718 29.741935483870662
719 20.49480519480492
720 46.50519031141898
721 21.844055944055675
722 27.818210862619566
723 55.2309963099641
724 235.2108949416347
725 20.193586005830618
726 41.966914498141186
727 224.5387900355892
728 174.44025974026331
729 47.97131782945774
730 58.61654676259114
731 53.04728682170618
732 97.82140221402337
733 117.82975778546827
734 58.8556270096482
735 40.102547770700376
736 18.94285714285685
737 293.18322147650673
738 210.11875000000177
739 23.314540059346847
740 24.5095541401271
741 62.8102310231033
742 314.90749185667374
743 205.74564459930585
744 52.45587392550236
745 124.52867132867254
746 30.215658362988997
747 45.81903323262904
748 117.23566433566563
749 28.05569620253131
750 213.96535947712962
751 88.64545454545564
752 131.54100294985383
753 40.69124087591216
754 388.6837545126292
755 129.68245614035274
756 128.01749174917632
757 43.74790874524724
758 214.5176470588266
759 36.08242811501565
760 128.39354838709787
761 68.6011070110712
762 103.51035856573822
763 206.84052044609862
764 21.708058608058302
765 58.093140794225135
766 78.6109589041119
767 68.83636363636491
768 112.04171779141228
769 114.56394557823236
770 85.23548387096945
771 41.866914498141156
772 88.85177304964667
773 246.54317343173193
774 208.07571884984225
775 203.11167192429366
776 45.290909090909096
777 99.73939393939507
778 244.61904761904566
779 129.3490797546027
780 268.8937007873994
781 35.56403785488956
782 220.61929824561597
783 418.6587301587257
784 130.30317460317596
785 70.12105263158034
786 87.8841924398636
787 314.8204204204191
788 317.191872791516
789 471.17102473497494
790 270.94113475177033
791 539.5081272084739
792 234.2869257950544
793 73.74163568773335
794 119.26296296296422
795 466.58571428570656
796 258.84402515723025
797 172.03333333333632
798 375.2718213058374
799 63.22688172043104
800 93.89064748201545
801 110.58215488215606
802 178.00412371134152
803 187.76163522012862
804 606.8887323943516
805 283.7209486165973
806 146.66842105263297
807 829.79090909089
808 115.18478964401476
809 223.9842105263176
810 81.53722627737342
811 297.90350877192475
812 101.25714285714395
813 121.85095785440717
814 457.4755244755202
815 262.33232323232016
816 338.1598540145951
817 441.48450704224825
818 163.22458471760967
819 301.3472118959062
820 81.67491166077833
821 232.56216216216373
822 197.1550458715627
823 396.731654676253
824 279.22236421724506
825 202.5034013605458
826 797.614559386962
827 425.17297297297057
828 234.60125391849624
829 333.28571428571007
830 262.98805970148965
831 121.66666666666788
832 490.35037593984146
833 298.70169491524837
834 115.83307392996224
835 252.57540983606316
836 307.7420382165561
837 118.14331983805798
838 274.7752293577955
839 371.3985074626796
840 226.05339805825412
841 286.1160583941579
842 278.9333333333301
843 431.19999999999266
844 331.12822299651015
845 113.87500000000125
846 317.70071942445645
847 412.26206896551116
848 67.46666666666758
849 355.88391608391237
850 510.2434108527093
851 378.2163120567334
852 242.63608562691002
853 311.3343283582039
854 211.08631921824292
855 265.4033112582739
856 106.82578397212649
857 307.74325259515217
858 102.72629482071831
859 591.9452830188565
860 354.19444444444053
861 493.09097744360156
862 619.2272727272591
863 221.5461538461552
864 40.32307692307672
865 335.95204460966124
866 97.95970149253843
867 284.67215189873053
868 114.17605177993661
869 227.76978417266434
870 100.36917562724123
871 352.97194244603855
872 233.1142857142872
873 461.7255663430331
874 332.2525773195834
875 453.510810810797
876 367.8862068965463
877 235.20909090909146
878 127.31551155115605
879 266.3896551724101
880 354.06666666666246
881 282.28289085545424
882 283.4830508474542
883 395.98367346938346
884 148.2708812260547
885 401.70601503758803
886 395.5834394904391
887 228.37701149425567
888 333.47368421052136
889 271.3695792880218
890 347.029577464785
891 295.33972602739345
892 83.14584717608084
893 425.39245283018244
894 286.0481481481428
895 95.10000000000107
896 381.3808219178038
897 269.9033112582749
898 627.3575757575677
899 357.05687732341573
900 268.19963898916615
901 507.59999999999263
902 377.34074074073476
903 559.5829457364293
904 313.74901960783956
905 323.13954372622777
906 369.6774647887286
907 258.50358306188656
908 254.44285714285445
909 215.39268292683144
910 472.68944099378
911 122.34193548387202
912 422.66666666666055
913 364.53729903536464
914 368.89368770763593
915 428.1832775919681
916 301.70242214532186
917 164.65537848605703
918 326.9153846153812
919 139.1660194174771
920 302.1749999999963
921 313.3340206185528
922 115.14039735099462
923 295.76687697160463
924 399.3897196261627
925 316.19512195121433
926 343.1341463414576
927 266.35945945945645
928 271.73267326732343
929 320.6539184952927
930 165.36140350877366
931 129.09354838709785
932 312.1283154121798
933 276.5853281853248
934 339.61572327043456
935 453.4880597014843
936 337.0191222570495
937 111.77142857142971
938 308.48311688311384
939 470.3128027681592
940 316.9822784810088
941 340.28339768339293
942 389.62491467576166
943 378.53703703703167
944 448.01111111110475
945 381.5289855072421
946 308.6833333333301
947 476.3189189189135
948 412.7171206225633
949 499.7530364372394
950 410.0554307116057
951 781.9109215016847
952 357.27542087541593
953 301.19999999999635
954 144.78888888889014
955 371.8789473684153
956 458.0122448979501
957 181.1469314079436
958 241.41764705882224
959 361.9804123711296
960 398.02876712328305
961 313.6340206185528
962 127.84263565891595
963 366.97692307691915
964 368.8657439446323
965 265.97557003257
966 240.65454545454463
967 446.22527075811666
968 130.7797342192704
969 144.00000000000128
970 406.6909090909031
971 586.542657342651
972 343.7307443365647
973 123.46315789473792
974 579.5247933884249
975 518.0084745762664
976 363.7089430894301
977 144.05283018868087
978 363.00886075948597
979 336.43993399339405
980 293.87903780068353
981 420.95347985347524
982 363.53076923076526
983 268.48469750889393
984 83.70000000000199
985 268.7840125391821
986 489.78235294116496
987 283.1483443708575
988 352.52631578946824
989 158.1263565891488
990 319.93762376237265
991 300.6172523961615
992 425.37250859106035
993 119.24234875444964
994 390.3898203592754
995 327.6383838383797
996 386.61544401543836
997 515.7454545454494
998 326.286581469645
999 258.09999999999707
1000 110.72392026578183
1001 334.0426229508152
1002 442.33807829180995
1003 305.02236421724916
1004 373.8150470219339
1005 213.25294117647306
1006 447.00476190475655
1007 107.72679738562218
1008 333.0888888888853
1009 325.65980066444774
1010 164.37131474103703
1011 120.65396825396968
1012 156.4040955631419
1013 369.47017543859073
1014 352.59295774647524
1015 239.56213592232902
1016 426.1249999999946
1017 389.7474576271135
1018 313.23797909407267
1019 269.3245614035029
1020 322.8188811188772
1021 365.46140350876607
1022 265.1257525083585
1023 369.95551330798065
1024 430.98919860626626
1025 330.6153846153808
1026 377.3452145214476
1027 382.3078431372525
1028 121.13636363636482
1029 272.02405498281433
1030 363.19411764705444
1031 107.38892733564117
1032 310.63636363635925
1033 391.9687296416895
1034 101.22137404580263
1035 264.5327868852428
1036 276.74269662920983
1037 120.7165016501663
1038 220.4970326409515
1039 141.91538461538568
1040 305.31780415429927
1041 273.22372881355574
1042 41.686956521739035
1043 268.08965517241
1044 344.9769230769191
1045 129.69354838709788
1046 497.57758007116877
1047 296.3157270029641
1048 376.9270903009987
1049 467.6281437125676
1050 284.4175627240104
1051 319.09999999999644
1052 110.99446254071788
1053 314.93797909407266
1054 121.67878787878891
1055 211.4449664429544
1056 307.6747440272996
1057 389.25342960288265
1058 96.93488372093151
1059 413.5484429065703
1060 117.32038216560639
1061 284.0835820895485
1062 390.91290322580227
1063 143.30000000000146
1064 356.00728476820797
1065 338.22753623187975
1066 207.2518987341802
1067 260.0971061093213
1068 322.1180722891532
1069 121.27899686520536
1070 128.13859649122938
1071 412.8096085409205
1072 428.9675767918019
1073 164.70000000000147
1074 323.2709030100295
1075 319.44704049843875
1076 311.4929765886255
1077 337.20769230768815
1078 112.08361774744151
1079 265.185448916406
1080 430.50893470789896
1081 414.73643122676043
1082 122.32724014337097
1083 334.85714285713794
1084 108.50000000000108
1085 68.62820512820508
1086 334.89146757678674
1087 206.4910543131009
1088 297.4607361963153
1089 549.3992805755312
1090 435.2236559139732
1091 324.1258555133045
1092 440.40648464163115
1093 460.93913043477795
1094 374.14161073825085
1095 285.4079096045162
1096 392.4489510489472
1097 240.95880398670985
1098 341.5538940809929
1099 315.9310469314038
1100 384.26021505375866
1101 312.9124087591186
1102 304.8726114649638
1103 220.87645051194798
1104 397.60437956203975
1105 248.87087378640456
1106 288.9622950819635
1107 326.03698630136586
1108 440.10952380951926
1109 359.4839160839125
1110 489.00553505534515
1111 94.07733711048277
1112 419.61034482758
1113 239.51764705882246
1114 339.9119133573956
1115 394.0333333333277
1116 121.06666666666794
1117 248.27514792899183
1118 91.89036544850602
1119 312.0831168831137
1120 277.42456140350447
1121 573.0867469879394
1122 105.83333333333454
1123 314.5411985018686
1124 373.74343434342927
1125 412.3144781144722
1126 165.88571428571603
1127 258.12075471697796
1128 441.0359477124126
1129 130.94901960784426
1130 109.48897338403157
1131 239.26103896103848
1132 671.3587786259488
1133 340.83333333332956
1134 315.56092715231426
1135 307.2811550151935
1136 389.97272727272167
1137 376.26470588235145
1138 265.4316831683136
1139 260.2582781456922
1140 151.34584837545242
1141 295.85135135134794
1142 403.58503401360133
1143 484.15478547854303
1144 240.8496732026132
1145 442.47902097901544
1146 207.072222222224
1147 341.45918367346536
1148 359.42042042041703
1149 374.0028880866376
1150 339.9275362318802
1151 634.680672268903
1152 226.23563218391013
1153 281.6333333333303
1154 260.51868512110394
1155 523.3604562737543
1156 13.329411764706549
1157 583.1176470588124
1158 257.1700996677712
1159 335.6702702702657
1160 317.5682847896398
1161 288.0420711974071
1162 815.8460431654439
1163 110.3352941176482
1164 155.89059233449606
1165 364.84224422441844
1166 295.938805970146
1167 419.0234042553143
1168 294.67435897435405
1169 306.8747440272994
1170 301.2387096774157
1171 309.8306748466219
1172 71.67517730496583
1173 287.3003460207579
1174 130.69859154929767
1175 604.2428571428496
1176 271.0591362126216
1177 127.47407407407562
1178 761.5177215189738
1179 821.9779220779039
1180 119.07382550335694
1181 347.2616858237483
1182 273.9033557046946
1183 445.7017667844438
1184 592.2944444444361
1185 277.8693498451986
1186 452.0843373493922
1187 234.81428571428648
1188 349.2151515151477
1189 158.85205479452316
1190 371.92329749103493
1191 295.12490706319335
1192 443.3705882352784
1193 343.1891719745171
1194 338.0426229508157
1195 170.8891213389136
1196 123.20653594771474
1197 282.0333333333301
1198 265.13624161073494
1199 534.5695970695916
1200 314.6716417910404
1201 479.5326693227019
1202 287.4149501661082
1203 326.9770226537172
1204 327.1909407665465
1205 163.81157024793507
1206 341.7741935483833
1207 499.18560885608383
1208 140.1814814814827
1209 322.8385964912232
1210 325.79496402877203
1211 612.055555555547
1212 195.11428571428758
1213 341.3731543624122
1214 524.3208955223805
1215 295.8222222222191
1216 195.67590361445968
1217 485.3014492753576
1218 352.36269592475867
1219 225.3268656716432
1220 477.5836065573713
1221 386.78272425248645
1222 423.2176470588191
1223 601.1999999999898
1224 375.75574912891494
1225 442.13921568626967
1226 306.00398671095974
1227 139.7594202898561
1228 313.8122676579888
1229 206.73472668810433
1230 277.44505119453567
1231 342.62239382238926
1232 394.0446735395133
1233 364.9288256227716
1234 297.1518518518485
1235 261.4644067796577
1236 331.3495297805595
1237 334.4389438943857
1238 133.3561151079152
1239 285.7275862068922
1240 71.35593220338977
1241 207.93770491803446
1242 552.8458167330613
1243 266.5722222222194
1244 137.9508474576284
1245 324.54077669902483
1246 411.453284671529
1247 514.5895752895675
1248 350.54374999999584
1249 309.6379790940731
1250 544.9990712074248
1251 110.73763440860327
1252 349.9527131782893
1253 259.88831168830893
1254 361.41481481481
1255 378.04343434342917
1256 327.9382838283789
1257 569.2285714285604
1258 417.890476190472
1259 269.3128205128176
1260 166.17521367521528
1261 547.7290322580593
1262 79.09410029498619
1263 261.8923588039838
1264 406.3320610686986
1265 299.46470588234973
1266 474.46153846153464
1267 322.1169934640485
1268 516.2912280701635
1269 309.3363036303592
1270 411.2260700389057
1271 532.9779783393435
1272 154.79629629629753
1273 638.5823529411678
1274 165.7688796680513
1275 306.17261146496367
1276 394.6489510489472
1277 306.056028368791
1278 366.0756554307072
1279 453.2368421052555
1280 514.5398671096261
1281 112.41641791044896
1282 348.6621621621574
1283 273.5529411764671
1284 140.51428571428715
1285 109.4785498489438
1286 306.47647058822815
1287 440.11818181817546
1288 365.61501597443663
1289 311.27076411959746
1290 323.7830449826952
1291 97.29292035398335
1292 574.2823529411694
1293 120.1903225806463
1294 147.644444444446
1295 388.784501845014
1296 107.32578397212652
1297 616.069696969687
1298 373.4930313588779
1299 410.5096085409206
1300 291.4025974025945
1301 297.8568904593606
1302 287.9596491228021
1303 235.49072847682146
1304 303.49479553902916
1305 153.55039370078862
1306 406.415602836871
1307 488.73880597014215
1308 429.66666666666015
1309 294.8809688581281
1310 448.83986928104025
1311 281.6695792880223
1312 238.73539823008772
1313 132.90199335548309
1314 366.28735632183384
1315 296.53333333332967
1316 274.3352517985573
1317 269.44242424242077
1318 326.18304498269526
1319 314.42631578946316
1320 274.8282051282022
1321 374.73082706766394
1322 275.36535947712116
1323 334.0254295532594
1324 435.7927536231813
1325 255.29999999999546
1326 831.7521400778083
1327 120.7931623931635
1328 386.9166666666624
1329 188.55350318471494
1330 316.74822695035107
1331 749.1315789473512
1332 141.54228187919668
1333 97.32898550724761
1334 331.99689922480275
1335 375.1945686900909
1336 395.4349650349605
1337 320.23698630136556
1338 157.4117647058846
1339 387.8747330960786
1340 237.9526501766778
1341 151.0134275618389
1342 336.5999999999948
1343 311.1210526315747
1344 324.94285714285314
1345 281.6582822085845
1346 145.41141868512227
1347 464.4725274725225
1348 321.4656716417864
1349 372.08867924527755
1350 476.3957746478807
1351 329.74390243902116
1352 308.8366336633628
1353 234.21428571428675
1354 157.47945205479581
1355 353.065838509312
1356 140.3137254901972
1357 421.8164835164786
1358 282.61176470587804
1359 173.09603399433567
1360 336.5038961038927
1361 318.94545454545005
1362 131.30805369127668
1363 558.378378378371
1364 290.8052287581666
1365 305.1161073825465
1366 436.96774193548
1367 249.175675675673
1368 108.28493150685048
1369 687.1551724137774
1370 365.8725490196034
1371 388.1243243243201
1372 317.0233766233733
1373 311.8482993197239
1374 840.0768707482888
1375 419.4192982456072
1376 267.2653198653169
1377 356.06020066889226
1378 449.67575757575713
1379 421.0457627118589
1380 320.977022653717
1381 85.13554006968738
1382 493.2655172413714
1383 285.3242424242383
1384 404.22746781115325
1385 59.419869706841325
1386 153.68699186992004
1387 504.1376569037586
1388 774.4968992247932
1389 259.3923588039838
1390 420.2772151898676
1391 385.2287671232811
1392 314.7293706293672
1393 273.31806853582214
1394 442.2857142857081
1395 241.1299684542574
1396 289.34281150159387
1397 254.23102310230638
1398 354.3501915708709
1399 368.0055363321761
1400 275.4245614035046
1401 126.44700315457544
1402 205.66697819314828
1403 296.6353535353499
1404 186.6097178683403
1405 242.47250755286825
1406 317.3372937293694
1407 316.92357414448287
1408 247.44520547944876
1409 307.71307189542085
1410 556.887804878038
1411 297.0016949152473
1412 336.43973509933386
1413 442.01679389312557
1414 247.99577464788484
1415 339.45971731448407
1416 104.64102564102697
1417 239.5829268292679
1418 371.7049822064014
1419 283.1098976109163
1420 286.8195439739383
1421 293.94899328858656
1422 296.2411764705852
1423 379.33869731799837
1424 278.50372670807076
1425 387.77272727272157
1426 293.9320557491252
1427 249.68533724339915
1428 219.22554744525658
1429 157.6816326530624
1430 171.214159292037
1431 142.50000000000148
1432 253.7379008746326
1433 276.41019108279863
1434 364.8545454545415
1435 326.0508474576231
1436 117.26955017301145
1437 185.94177215190055
1438 310.6485049833849
1439 477.9700787401528
1440 198.05121951219704
1441 361.82881355931727
1442 578.1868327402068
1443 229.81428571428802
1444 449.50392156862256
1445 246.42970297029404
1446 295.4111111111057
1447 115.98536585365974
1448 748.1132295719706
1449 331.16491228069674
1450 375.73820598006085
1451 240.12546583850795
1452 134.41815181518282
1453 304.86177474402325
1454 358.2181818181764
1455 213.4870129870149
1456 173.15081967213288
1457 95.17280966767487
1458 144.6127208480577
1459 107.37241379310476
1460 558.1655737704834
1461 478.6703180211946
1462 423.0941176470542
1463 289.51176470587933
1464 320.16204379561685
1465 226.2128205128246
1466 245.52857142856905
1467 159.47491289198737
1468 103.96666666666775
1469 201.1467576791826
1470 308.8328671328628
1471 124.66666666666805
1472 271.1588424437263
1473 396.2545126353748
1474 243.54129692832564
1475 461.18729641693255
1476 308.1136986301333
1477 362.945328719719
1478 331.661744966439
1479 258.81428571428285
1480 359.1055555555534
1481 363.22283464566544
1482 156.7168458781375
1483 448.92727272726603
1484 229.62189781022107
1485 408.2532846715288
1486 129.64301075268935
1487 261.90256410256126
1488 466.48372093022556
1489 243.51693811074736
1490 377.74423791821096
1491 379.9197183098554
1492 286.7195439739383
1493 296.8809523809487
1494 114.87692307692458
1495 322.1775700934543
1496 94.74809688581415
1497 129.95572519084095
1498 859.6797047970344
1499 267.6814241486041
1500 443.0878787878743
1501 391.0993485341895
1502 369.0701754385905
1503 371.9434343434285
1504 839.4310344827425
1505 805.0075471697968
1506 446.05016722407424
1507 344.7968641114939
1508 534.950331125816
1509 735.5294117646943
1510 429.9536231884011
1511 386.4054794520503
1512 809.1614840989215
1513 325.3586206896502
1514 188.2993377483457
1515 182.71925465838655
1516 349.51792114694894
1517 295.83583617747036
1518 369.308474576266
1519 137.12641509434178
1520 202.9038585209016
1521 277.5897106109287
1522 555.1519572953649
1523 103.73684210526417
1524 136.43866171003842
1525 369.4315068493089
1526 464.57257525083065
1527 259.80909090909125
1528 463.36862745097534
1529 253.2169014084481
1530 85.4059760956186
1531 374.3954063604202
1532 273.88412698412355
1533 314.05016286644644
1534 321.02642140467896
1535 438.3456140350809
1536 307.87474402729964
1537 330.2757575757539
1538 232.74285714285858
1539 466.31672473866973
1540 388.70851063829366
1541 122.6857142857155
1542 262.08571428571076
1543 307.21369863013285
1544 261.065432098755
1545 339.6702702702664
1546 87.51677852349103
1547 312.86206896551073
1548 290.36129032257696
1549 469.55074626864973
1550 141.7689895470395
1551 101.90000000000198
1552 124.54117647058942
1553 465.4392282958086
1554 351.82222222221833
1555 397.9464788732352
1556 432.3506849315021
1557 319.4629080118604
1558 311.46666666666266
1559 281.3594594594563
1560 267.29824561403115
1561 349.09828178693715
1562 294.12608695651875
1563 791.7310861423084
1564 334.5058823529376
1565 313.59116607773507
1566 278.63434343433767
1567 311.73663366336274
1568 403.32121212120796
1569 317.12473498232873
1570 372.2442804428004
1571 283.23333333333017
1572 300.9770491803241
1573 277.17848101265525
1574 325.28146964855773
1575 455.40516605165595
1576 286.4704318936844
1577 112.9714285714297
1578 300.9387096774158
1579 319.50810810810583
1580 383.01439114390746
1581 272.0240549828144
1582 283.53758389261185
1583 307.9442176870714
1584 414.45436241610315
1585 103.8758620689669
1586 348.13971631205305
1587 121.98110749185827
1588 132.51304347826186
1589 631.3249211356298
1590 278.6037267080705
1591 337.2083916083881
1592 277.503678929763
1593 335.4916967508979
1594 793.1371841155097
1595 275.1604810996529
1596 126.76551724138048
1597 317.6389261744921
1598 431.3891986062661
1599 349.05128205127875
1600 318.24042553191146
1601 437.9305019304953
1602 398.2666666666609
1603 267.34169184289686
1604 399.7468085106339
1605 268.0919463087215
1606 405.8678200692001
1607 276.06712328766747
1608 466.48571428570546
1609 427.622712933745
1610 590.7169491525347
1611 283.11957295373344
1612 375.7546762589878
1613 390.53291925465237
1614 293.87351778655784
1615 452.5117647058737
1616 259.81081081080805
1617 511.32565055761404
1618 213.52288401254106
1619 242.00465116278855
1620 250.72580645160969
1621 229.10526315789602
1622 490.6026845637532
1623 396.20588235293724
1624 96.63103448275983
1625 567.7782006920362
1626 239.13239436619673
1627 862.7850340135955
1628 316.58322147650597
1629 99.62798634812303
1630 338.8360153256654
1631 186.08260869565405
1632 394.3082474226759
1633 287.18975265017184
1634 142.79107806691601
1635 329.86491228069656
1636 835.4714285714135
1637 313.65238095237385
1638 509.8967637540377
1639 396.03154362415677
1640 442.0246575342416
1641 165.50170940171077
1642 180.4585365853676
1643 370.8324324324288
1644 485.97586206895824
1645 372.54285714285186
1646 393.1968197879816
1647 536.7874551971227
1648 677.8025210083961
1649 358.044444444434
1650 455.99824561402795
1651 510.04691358024115
1652 354.44428044279647
1653 250.871428571426
1654 242.77080291970643
1655 311.3122676579888
1656 172.85889570552268
1657 417.7485148514805
1658 385.5758620689596
1659 397.2403508771866
1660 367.5875444839816
1661 268.09205298012915
1662 379.8826086956483
1663 142.6838709677432
1664 310.2957928802548
1665 275.4145695364204
1666 604.7926739926678
1667 313.3328671328637
1668 340.70639730639283
1669 298.5635179153041
1670 266.9919463087215
1671 141.15331010453096
1672 259.79235880398363
1673 475.96153846153317
1674 410.7986754966846
1675 421.244404332124
1676 383.5229508196676
1677 329.01538461538155
1678 310.2047244094455
1679 126.8275362318845
1680 423.0666666666601
1681 339.5037453183474
1682 167.15537848605703
1683 537.5751937984453
1684 258.8032258064484
1685 265.0883495145596
1686 147.58056537102684
1687 313.84221453286835
1688 151.72195121951344
1689 280.9397260273896
1690 367.8062499999921
1691 570.6666666666556
1692 334.659717314484
1693 157.8482758620702
1694 299.6091503267939
1695 109.29836065573912
1696 330.95901060070327
1697 234.41428571428594
1698 467.8901408450656
1699 408.78775510203656
1700 290.7479233226806
1701 321.7124087591209
1702 469.39444444443865
1703 296.73986013985456
1704 324.687878787875
1705 354.71941391940896
1706 192.5848484848504
1707 278.71476510066753
1708 447.3705882352856
1709 324.97920489296195
1710 341.3999999999946
1711 369.3259259259209
1712 765.6105263157729
1713 260.76011560692905
1714 250.25156794424782
1715 219.0567164179117
1716 142.9068965517253
1717 321.95102040815965
1718 269.1813664596237
1719 643.1070175438492
1720 375.7858044163975
1721 798.8591240875719
1722 824.9576779026115
1723 291.90134680134327
1724 512.2953488372051
1725 844.7464788732178
1726 98.75955056179788
1727 414.24752475247095
1728 384.6494983277555
1729 383.2003095975194
1730 323.9278688524551
1731 769.1724137930909
1732 328.5928348909621
1733 485.4568345323667
1734 476.6241610738205
1735 296.2944444444413
1736 351.8054054054005
1737 240.55960912052026
1738 302.1759493670783
1739 359.6985915492885
1740 457.77902097901693
1741 432.3096885813103
1742 298.7411764705847
1743 277.0219081272052
1744 253.3478260869539
1745 576.8445229681864
1746 224.6857142857164
1747 259.33201320131525
1748 710.1220779220628
1749 309.41307189542135
1750 332.4909090909043
1751 92.75155279503245
1752 305.65732484076
1753 349.0748201438801
1754 361.51044776118874
1755 317.1813559321993
1756 309.79536679536164
1757 473.4912751677769
1758 299.66666666666345
1759 404.96666666665624
1760 265.6259786476838
1761 448.35250965250276
1762 80.67491408934815
1763 608.315302491096
1764 481.37986577180703
1765 354.26906474819646
1766 326.896904024764
1767 239.2942942942941
1768 276.34755700325405
1769 284.33712374581654
1770 304.7975945017126
1771 98.00918727915294
1772 716.8424242424139
1773 264.05622775800794
1774 355.31052631577984
1775 272.6797687861237
1776 336.86613418529964
1777 359.69876543209267
1778 96.39064748201541
1779 285.6306358381465
1780 659.2666666666568
1781 404.99661016948573
1782 380.34892086330393
1783 382.17687074829513
1784 355.3190476190435
1785 556.2353159851232
1786 503.9767025089542
1787 471.4787878787833
1788 265.1638629283414
1789 538.0759717314362
1790 262.0496402877667
1791 327.9103896103853
1792 402.25461254612117
1793 249.55700934578817
1794 373.50684931506413
1795 440.62251655628666
1796 273.5734824281117
1797 509.74545454544705
1798 336.303448275857
1799 291.1904109589004
1800 660.8153846153756
1801 365.3055363321758
1802 489.65968379446144
1803 599.8767527675216
1804 74.6948717948732
1805 142.87628865979542
1806 351.22063492062557
1807 421.053074433638
1808 402.53345195729065
1809 647.5680351906028
1810 893.8999999999861
1811 375.48260869564785
1812 116.6356687898101
1813 301.5338028168981
1814 362.1298013244994
1815 778.059259259248
1816 246.00155038759974
1817 450.5294117647013
1818 558.8588447653358
1819 338.239735099334
1820 245.61392405062298
1821 237.62588996763702
1822 274.11325301204533
1823 409.0280276816568
1824 768.708143322452
1825 403.01463414633594
1826 339.7052631578888
1827 289.31603498541614
1828 306.77948717948414
1829 176.65625000000148
1830 461.0102389078424
1831 240.30769230769093
1832 600.3999999999833
1833 285.7261744966409
1834 502.6658703071587
1835 636.9227963525719
1836 369.0315789473632
1837 382.0949526813812
1838 248.7603174603105
1839 317.09302325581007
1840 265.65928143712273
1841 290.8945945945915
1842 493.4491803278603
1843 319.6435045317172
1844 286.5281690140816
1845 463.03703703702763
1846 376.77551020407657
1847 333.4551724137881
1848 326.55958188152823
1849 212.567816091956
1850 332.01561461793204
1851 593.3741721854246
1852 174.78739495798453
1853 351.10405904058655
1854 447.16842105262526
1855 430.9965517241281
1856 509.91418439715665
1857 158.25646687697346
1858 581.9015209125361
1859 341.0912280701702
1860 391.65901639343764
1861 366.4632653061198
1862 424.11052631578264
1863 412.8029197080253
1864 537.4147540983523
1865 397.0409448818812
1866 465.8151515151468
1867 873.8393501804961
1868 403.86559139784447
1869 448.2157894736745
1870 325.2947019867513
1871 673.8666666666448
1872 249.1925373134299
1873 535.3692307692254
1874 260.46829268292083
1875 385.044585987254
1876 514.6363321799267
1877 312.39718309858836
1878 702.5389830508382
1879 637.1148148148048
1880 526.1636363636285
1881 406.4144781144697
1882 382.74892086330414
1883 383.3546099290742
1884 382.90985915491933
1885 311.8355048859893
1886 398.58235294117236
1887 343.3024024023992
1888 275.75906040268126
1889 477.7622950819612
1890 575.1294314381186
1891 246.32023460410306
1892 314.9170278637739
1893 422.21428571428095
1894 456.40387596898836
1895 580.7511278195323
1896 850.1999999999765
1897 247.10564263322624
1898 152.22953736654947
1899 358.2673469387716
1900 294.83597359735404
1901 445.7227848101198
1902 179.4578073089709
1903 306.1136986301325
1904 539.2338028168949
1905 424.06666666666047
1906 518.0059040590352
1907 644.6451127819445
1908 386.9605351170527
1909 505.3166666666601
1910 503.84918032786175
1911 306.8999999999963
1912 535.1490066225115
1913 270.8783216783185
1914 474.9281786941502
1915 228.8645669291357
1916 508.8285714285638
1917 301.3073170731678
1918 825.6397163120453
1919 326.13513513513135
1920 793.1517241379123
1921 352.6044982698924
1922 366.2322580645113
1923 340.30639730639274
1924 94.53846153846308
1925 314.697841726615
1926 309.57605633802507
1927 108.74615384615515
1928 168.60221402214188
1929 410.2762711864344
1930 141.53937007874146
1931 157.1027027027041
1932 350.7947368421003
1933 135.4054151624561
1934 310.48974358974
1935 105.93456790123582
1936 395.7249999999949
1937 802.9569620253059
1938 275.2258278145656
1939 314.9555555555523
1940 902.6999999999825
1941 337.9264150943345
1942 331.7517241379239
1943 488.5583892617376
1944 498.01228070174614
1945 443.43505535054913
1946 323.3375415282352
1947 237.00689655172357
1948 341.051724137926
1949 597.8611111111068
1950 307.24421768707106
1951 273.35951557093085
1952 831.6714285714189
1953 217.84097421203646
1954 374.07483443708156
1955 485.0880546075003
1956 421.827950310547
1957 369.8594405594337
1958 413.8882352941135
1959 277.46632996632667
1960 603.1513513513306
1961 747.2451263537815
1962 180.924427480918
1963 243.65057471264186
1964 378.28260869564804
1965 482.9875457875405
1966 830.9362318840476
1967 852.2298507462535
1968 297.65946843853465
1969 343.4928104575124
1970 571.0441558441453
1971 376.5881355932156
1972 511.1357933579285
1973 431.9032258064479
1974 432.35068493150203
1975 398.08136200716365
1976 853.0272727272569
1977 274.82613240417766
1978 268.90270270269815
1979 344.6854889589853
1980 429.3366197183055
1981 870.1978798586428
1982 357.8647058823486
1983 749.2872340425455
1984 84.43432835821005
1985 316.74965986394216
1986 263.92319749215585
1987 452.98571428570773
1988 453.71102362204283
1989 398.4823529411724
1990 379.9153846153805
1991 309.7022556390938
1992 121.1917404129805
1993 412.6333333333295
1994 585.0403508771831
1995 507.6517799352672
1996 815.4983935742871
1997 554.548736462087
1998 479.28524590163215
1999 501.5529411764637
2000 288.98187919462725
2001 390.5241379310288
2002 627.4006993006919
2003 118.31612903225934
2004 322.89496402877154
2005 709.8470198675387
2006 328.22394366196744
2007 65.64827586206994
2008 276.4580204778115
2009 861.8071713147324
2010 478.3334572490649
2011 625.1230769230675
2012 264.7173913043445
2013 286.9487179487142
2014 347.50921985815233
2015 424.74848484847894
2016 852.4611940298344
2017 510.1173285198489
2018 182.91764705882528
2019 433.2571428571369
2020 308.31610738254653
2021 861.1816793893031
2022 284.80759493670564
2023 392.7474576271136
2024 458.75214521451693
2025 809.9879120878999
2026 858.224137931019
2027 447.6769968051062
2028 306.830604982203
2029 403.3439688715908
2030 366.54916943521096
2031 346.68698884757913
2032 425.3164835164788
2033 427.2325153374173
2034 339.312543554002
2035 241.13605015673878
2036 598.3680272108787
2037 568.7657980455919
2038 90.56731517509732
2039 753.3229681978675
2040 279.403678929763
2041 457.2221556886121
2042 328.8182370820632
2043 693.0323024054858
2044 557.1877192982344
2045 604.1587030716566
2046 382.3829431438031
2047 367.4836012861676
2048 355.4647058823488
2049 572.6576271186358
2050 456.79999999999296
2051 883.8986394557694
2052 184.4872340425545
2053 619.8815602836794
2054 152.78657718120928
2055 266.4894736842067
2056 253.0197080291946
2057 459.8367697594451
2058 401.7202614379036
2059 507.86270096462283
2060 272.5571984435761
2061 417.49298245613363
2062 217.89268292683138
2063 438.3749999999868
2064 426.732508833918
2065 363.208191126274
2066 640.0750957854324
2067 322.30437710437303
2068 354.19444444443985
2069 272.2806451612869
2070 397.9155963302712
2071 273.95789473683834
2072 237.1746835443041
2073 885.0849816849709
2074 398.6823529411722
2075 129.96187050359833
2076 860.0714285714131
2077 421.9363636363567
2078 162.92366412213906
2079 350.9074074074025
2080 454.43049645389544
2081 353.7924050632866
2082 147.15172413793252
2083 311.30967741935524
2084 488.89999999999395
2085 331.2060402684527
2086 856.0645161290221
2087 338.22200647248735
2088 268.8285714285682
2089 364.175655430707
2090 330.82941176470257
2091 283.93366336633323
2092 802.7857677902521
2093 248.711854103341
2094 186.3675105485245
2095 264.1695364238377
2096 233.78909657320972
2097 158.4250000000014
2098 353.6611307420439
2099 401.5845528455236
2100 240.73482428114912
2101 673.7020408163191
2102 370.1828220858852
2103 325.8011142061235
2104 266.89999999999566
2105 187.0941176470606
2106 525.7461059189947
2107 773.9230769230663
2108 312.6033670033629
2109 291.0945945945914
2110 453.4860139860097
2111 790.6583941605617
2112 466.4125523012492
2113 625.2619047618942
2114 418.3632302405452
2115 213.92961876833033
2116 121.47863777089935
2117 823.5673469387664
2118 772.4114649681339
2119 -9.912658227848047
2120 331.59268292682606
2121 330.85901060070313
2122 825.963636363622
2123 313.34693877550643
2124 373.77303754265455
2125 294.91773049645076
2126 315.19432176655584
2127 315.2275167785199
2128 312.8999999999951
2129 476.81575562700476
2130 140.1508474576283
2131 346.3983050847339
2132 512.9027027026967
2133 306.2864864864829
2134 478.63559322033495
2135 313.9114649681478
2136 494.2299319727814
2137 410.4117647058783
2138 307.50401337792323
2139 405.3578947368361
2140 533.4874564459859
2141 473.50491803278106
2142 306.4271523178772
2143 243.0615384615353
2144 318.4090909090865
2145 328.68148148147696
2146 322.5787234042518
2147 710.7512820512736
2148 246.27499999999714
2149 404.2767918088673
2150 815.1437499999878
2151 607.3976833976719
2152 326.4369863013659
2153 733.1606299212515
2154 294.1538461538428
2155 304.62330097086965
2156 526.191549295767
2157 674.7915254237153
2158 202.97399380805138
2159 807.2461538461398
2160 262.525170068024
2161 391.14895104894725
2162 399.422222222216
2163 314.2432432432398
2164 641.7857142857044
2165 306.96486486486026
2166 521.2170418006314
2167 377.4758620689577
2168 828.7505976095536
2169 477.32352941175645
2170 830.9259259259097
2171 278.44910394264883
2172 897.4839826839677
2173 363.0101694915245
2174 462.32520325202677
2175 420.70175438595817
2176 879.4525547445085
2177 382.27586206895927
2178 278.1048859934815
2179 352.0647058823484
2180 311.9638376383685
2181 482.61764705881853
2182 471.78876404493525
2183 707.2999999999915
2184 569.7761467889819
2185 731.5081967212994
2186 390.4055555555518
2187 473.46454183266263
2188 346.86185567009903
2189 863.3823529411596
2190 678.8927536231797
2191 677.4049382715908
2192 330.07849829350954
2193 385.45867507885737
2194 484.6948051947995
2195 323.0395904436811
2196 863.8941176470353
2197 504.7385964912187
2198 119.07446808510767
2199 557.4545454545369
2200 329.80604026845253
2201 881.8230769230618
2202 580.6206896551626
2203 542.8432432432344
2204 855.1892473118132
2205 724.2238095238002
2206 358.61941391940945
2207 124.2416974169756
2208 244.60201342281596
2209 400.0903225806408
2210 824.0189189189012
2211 872.2892473118166
2212 241.26897506925008
2213 188.8464788732401
2214 114.84845360824906
2215 622.0797202797067
2216 513.221757322169
2217 846.8289562289367
2218 431.75016501649526
2219 524.7060498220568
2220 396.4835205992461
2221 370.2232974910348
2222 785.723943661954
2223 600.5999999999879
2224 419.14360902255015
2225 871.3183391003357
2226 365.76870748298927
2227 913.2474308300327
2228 846.6803921568418
2229 493.69999999999277
2230 552.6647798742006
2231 827.0576779026118
2232 458.648083623687
2233 438.68947368419987
2234 315.8609271523142
2235 556.8257510729549
2236 362.5189189189147
2237 506.85294117646515
2238 291.6346534653431
2239 774.3418604651025
2240 816.6925696594295
2241 286.7673400673366
2242 840.1844961240214
2243 667.2952380952315
2244 305.42293906809664
2245 814.4757679180699
2246 666.7412587412463
2247 267.84076433120583
2248 400.81694915253695
2249 587.583941605831
2250 479.8535211267558
2251 172.32846441947677
2252 21.315789473684212
2253 418.6024390243837
2254 832.1892988929781
2255 281.4554770317988
2256 814.1189189188991
2257 745.3052631578804
2258 823.9933993399212
2259 808.262798634793
2260 567.2213740457943
2261 859.3857142856949
2262 330.0914675767854
2263 291.7904109589005
2264 571.8555555555434
2265 895.0889763779421
2266 317.60687285222843
2267 266.1375838926094
2268 788.5280701754216
2269 475.8421052631495
2270 461.5514376996743
2271 550.5679245282946
2272 213.26956521739322
2273 870.6248120300568
2274 810.316494845344
2275 642.9481481481359
2276 798.8758364312145
2277 237.41987767584095
2278 753.9666666666493
2279 318.11232876711847
2280 365.6266932270866
2281 858.6953736654672
2282 762.7496688741608
2283 902.299999999983
2284 767.9978417265993
2285 833.8882352941032
2286 557.7452296819602
2287 816.9172839505922
2288 341.96363636363145
2289 490.8710144927488
2290 116.14845360824896
2291 293.3736842105214
2292 284.682119205294
2293 801.9936170212607
2294 438.5591836734628
2295 658.8373134328237
2296 745.6736842105107
2297 842.9624113475046
2298 291.25964912280256
2299 442.1272189349026
2300 599.8315789473584
2301 810.9089430894239
2302 574.4792387543177
2303 615.5760563380128
2304 504.7688311688231
2305 413.96610169490884
2306 335.47092198581197
2307 449.007843137249
2308 607.5699669966895
2309 901.9999999999842
2310 287.3947368421004
2311 880.7117647058666
2312 676.0342657342532
2313 649.3970099667685
2314 852.6301369862842
2315 401.954014598536
2316 -84.55228758169956
2317 323.87222222221845
2318 363.9187919463044
2319 709.3694158075458
2320 849.2611111110916
2321 421.98367346938704
2322 240.09429429429377
2323 274.0813953488341
2324 146.51045751634138
2325 651.2666666666554
2326 504.5395683453146
2327 278.4036789297629
2328 900.5999999999855
2329 663.4993197278832
2330 241.4056426332266
2331 528.941935483866
2332 466.98536585365065
2333 393.3760456273703
2334 741.6100346020675
2335 879.5137931034325
2336 815.7737864077386
2337 812.8666666666547
2338 860.0857142856947
2339 830.2344262294866
2340 307.57435897435505
2341 822.0325581395232
2342 362.011111111106
2343 895.3056680161782
2344 441.7228187919396
2345 503.5888888888819
2346 870.9081081080868
2347 296.57586206896127
2348 881.8234042553073
2349 859.2210526315591
2350 701.0726618704903
2351 323.1068728522294
2352 846.6235294117488
2353 884.6156028368662
2354 363.69240121580134
2355 285.38904593639245
2356 348.9593220338931
2357 12.173981191222582
2358 396.46541353382577
2359 892.4999999999882
2360 608.0428571428469
2361 862.5714285714133
2362 824.7120521172362
2363 787.8885448916209
2364 875.3230215827169
2365 129.43521126760695
2366 313.34202898550325
2367 877.4989169675026
2368 463.90967741934776
2369 554.482758620678
2370 486.76188925080646
2371 878.8098591549129
2372 342.9591836734656
2373 601.9137931034388
2374 369.6604316546712
2375 822.108185053368
2376 870.6499999999808
2377 802.2627240143186
2378 308.5363636363602
2379 650.8938775510125
2380 473.54598540145446
2381 499.2891891891834
2382 845.2789473684054
2383 848.3601532566948
2384 161.4022140221424
2385 140.58918918919068
2386 768.9304985337021
2387 139.48518518518668
2388 889.4320754716883
2389 808.5315789473494
2390 889.1109890109768
2391 5.622516556291394
2392 829.1986254295364
2393 459.2391304347777
2394 541.9263157894653
2395 834.2406143344526
2396 363.9862068965446
2397 876.0351535835966
2398 239.23282674772008
2399 824.0286219081097
2400 893.8027397260124
2401 886.8436090225397
2402 854.895709570946
2403 574.3804560260475
2404 266.5753246753204
2405 872.3141700404698
2406 265.6837060702839
2407 856.0615384615252
2408 385.84590163933063
2409 335.5109589041056
2410 605.2716723549318
2411 447.754019292598
2412 481.02176870747724
2413 237.98554572271345
2414 885.098586572423
2415 880.7454545454389
2416 656.6423728813431
2417 859.8183391003339
2418 828.9325581395254
2419 258.0609120521138
2420 398.9508532423146
2421 357.7718309859119
2422 801.9499999999803
2423 329.18304498269526
2424 810.5959731543455
2425 322.1649122806975
2426 221.13404255319503
2427 843.1657794676609
2428 904.1977186311599
2429 344.03529411764276
2430 241.53605015673853
2431 879.892134831451
2432 681.4690140844921
2433 344.5621621621556
2434 812.9797468354288
2435 303.0573248407586
2436 497.63828996281916
2437 521.5985815602766
2438 555.1718631178634
2439 558.0878787878725
2440 398.75291828793286
2441 588.8947368420961
2442 290.56055363321457
2443 324.47012987012647
2444 822.8893470790221
2445 252.85555555555294
2446 458.33542435423357
2447 277.88801498126963
2448 378.4715719063494
2449 343.30374531834775
2450 789.5801302931382
2451 817.6330855018431
2452 321.7849673202571
2453 355.11891891891315
2454 309.1411552346506
2455 590.1203821655939
2456 680.1999999999914
2457 797.662151394414
2458 542.894043887136
2459 319.0999999999956
2460 849.5547945205299
2461 799.8579124578923
2462 418.28673835124914
2463 829.8477611940172
2464 631.755172413785
2465 248.56065573770223
2466 866.7785467127907
2467 505.3137931034405
2468 596.1360655737612
2469 436.98181818181166
2470 163.49420849421006
2471 351.7397003745267
2472 820.3111111110913
2473 736.6813953488296
2474 834.3624113475025
2475 865.6217391304257
2476 264.5853146853115
2477 513.7366906474745
2478 807.0241042345051
2479 556.8999999999892
2480 455.3896551724059
2481 815.3103678929551
2482 828.8079037800499
2483 268.5278911564593
2484 240.82624113474998
2485 840.1438127090112
2486 266.64406779660675
2487 267.0444444444414
2488 636.1373665480304
2489 870.6214765100499
2490 378.87927170867806
2491 327.27526132403716
2492 318.1019169329038
2493 289.6420711974072
2494 690.7170068027094
2495 510.4055555555468
2496 687.4467128027588
2497 844.0135888501625
2498 545.3285714285604
2499 283.93769968050515
2500 874.417910447746
2501 124.58181818181843
2502 415.5342960288748
2503 895.9743295019084
2504 575.7650165016439
2505 616.6521739130321
2506 285.3355300859547
2507 410.3119402984992
2508 336.96054421768133
2509 880.1021897810043
2510 455.7333333333281
2511 515.3160839160785
2512 342.4410256410221
2513 868.6610932475722
2514 847.8566539923809
2515 341.91382636655476
2516 519.8623376623317
2517 734.2576271186264
2518 356.9857142857093
2519 685.3397683397554
2520 342.0853658536527
2521 834.1350515463753
2522 268.32941176470234
2523 778.1842105262929
2524 553.3716845878066
2525 508.9537366547984
2526 822.8962264150709
2527 790.6764044943681
2528 302.81698113207136
2529 829.9399267399153
2530 826.542424242408
2531 417.9943661971777
2532 372.19482071712633
2533 435.72465753424035
2534 802.2333333333163
2535 859.137499999986
2536 412.3086419753045
2537 606.6656765676535
2538 156.81754385965056
2539 397.78231292516597
2540 343.650724637677
2541 826.140522875795
2542 830.3081850533688
2543 322.530120481924
2544 469.42962962962315
2545 405.23757961782655
2546 778.2315589353407
2547 283.9075949367055
2548 342.91740614333975
2549 848.5382671480063
2550 498.17647058823
2551 302.1747440272984
2552 818.6363636363458
2553 109.9835616438375
2554 642.3688524590058
2555 563.3285714285594
2556 477.4949832775867
2557 823.5088122605273
2558 272.6622149837074
2559 787.4936170212579
2560 297.21589403972996
2561 814.857553956815
2562 291.0337349397535
2563 348.6619047619009
2564 101.2566433566445
2565 820.1962264150701
2566 609.4369003689953
2567 627.3378378378287
2568 408.2762711864345
2569 869.5287769784007
2570 892.3240310077423
2571 592.6268292682801
2572 146.8191919191934
2573 348.432129963894
2574 139.8705426356602
2575 263.7217054263572
2576 686.9691449814015
2577 534.2397260273906
2578 877.6385964912113
2579 869.1610932475724
2580 415.6451612903174
2581 271.86470588234835
2582 256.99999999999676
2583 883.5591695501632
2584 836.2684210526141
2585 452.02424242422927
2586 712.0582733812811
2587 870.773239436599
2588 287.94773519163306
2589 281.1003367003327
2590 855.2681528662207
2591 567.0529411764637
2592 420.8525096524961
2593 841.1171821305658
2594 545.9402985074546
2595 838.0562043795446
2596 342.09399293285605
2597 285.71087613292576
2598 684.284615384606
2599 850.0085106382859
2600 848.3106312292239
2601 814.615337423298
2602 262.5665615141909
2603 817.8352112675866
2604 815.5839228295608
2605 751.4832214764893
2606 689.7902621722764
2607 15.911406844106475
2608 785.425641025626
2609 843.3665529010061
2610 843.4610932475681
2611 449.37659574467466
2612 876.423529411741
2613 202.8808306709289
2614 533.2949367088527
2615 786.2626865671447
2616 839.4259259259131
2617 829.7499999999859
2618 808.7925696594278
2619 868.2234042553043
2620 793.8083916083785
2621 822.8826086956329
2622 521.9846153846051
2623 632.8809187279072
2624 887.9999999999783
2625 867.4466165413369
2626 893.1059701492377
2627 889.6999999999882
2628 474.5545454545369
2629 838.3508710801234
2630 822.0996865203556
2631 850.2196721311341
2632 475.5591549295685
2633 735.6225352112547
2634 841.7253164556831
2635 496.29999999999427
2636 14.550541516245499
2637 872.8029197080123
2638 335.7155279503046
2639 849.9473684210366
2640 851.377049180313
2641 112.07966101695055
2642 767.9473354231754
2643 789.9789667896548
2644 840.4146341463187
2645 869.2543624160888
2646 524.8255639097666
2647 747.3323741007072
2648 842.295709570944
2649 389.4465346534577
2650 889.0961240309992
2651 811.4731343283399
2652 353.69749216300306
2653 296.1411764705846
2654 863.5230215827146
2655 787.2490683229591
2656 881.3382636655783
2657 841.8563106795939
2658 578.8412698412578
2659 897.4999999999893
2660 663.0759124087488
2661 818.4238805969919
2662 860.4202614378864
2663 640.5603174603079
2664 875.7959706959598
2665 672.2216606498167
2666 782.7769230769088
2667 883.858730158718
2668 833.127586206877
2669 831.3883720930082
2670 876.3725552050341
2671 833.7594202898446
2672 819.5666666666547
2673 521.3245398772945
2674 814.2449477351747
2675 842.3301587301373
2676 890.6546816479267
2677 851.6333333333197
2678 882.4366197182893
2679 744.9692307692139
2680 607.4945017182005
2681 744.8671532846597
2682 460.92988505746354
2683 884.3999999999808
2684 879.6556016597431
2685 563.1366300366242
2686 506.6912536443007
2687 861.1813559321869
2688 356.1333333333285
2689 891.9426229508058
2690 813.1421052631399
2691 895.3962962962805
2692 474.18305084745134
2693 366.4764309764248
2694 313.76569343065677
2695 789.3877076411842
2696 863.494594594574
2697 331.4003861003812
2698 240.57834394904327
2699 817.0758842443543
2700 894.0328621907969
2701 862.3885906040023
2702 848.2473684210362
2703 802.6882352941
2704 902.4999999999887
2705 858.6666666666487
2706 90.81025641025747
2707 838.5612903225693
2708 768.8551020408024
2709 845.8608562690894
2710 844.5665505226341
2711 820.2731343283409
2712 846.1288025889786
2713 853.755737704903
2714 879.5376811594107
2715 849.4439560439432
2716 856.3253521126582
2717 894.5999999999809
2718 704.7373801916839
2719 838.3068493150521
2720 727.4142857142693
2721 838.9483660130485
2722 187.2965517241383
2723 873.5385964912115
2724 867.7962457337679
2725 498.0856088560837
2726 888.1972789115536
2727 648.6747474747317
2728 861.4832764504911
2729 815.932876712312
2730 819.0666666666538
2731 777.8840236686161
2732 476.88398576511815
2733 886.7777777777636
2734 741.9678832116674
2735 782.4444444444266
2736 856.234532374083
2737 850.826315789456
2738 842.6448818897517
2739 870.7230769230591
2740 846.9493827160272
2741 885.9304347825973
2742 800.6126213592074
2743 441.63150183149685
2744 877.585714285704
2745 785.7490196078276
2746 846.7172413792891
2747 273.7175182481723
2748 815.5894736841931
2749 324.34514106582685
2750 865.389494163413
2751 856.475884244361
2752 886.8610921501505
2753 856.3095940959296
2754 891.9371647509482
2755 873.2743083003876
2756 836.2092250922434
2757 819.4391143911344
2758 798.9627760252222
2759 905.3999999999846
2760 874.1219780219656
2761 797.5449477351721
2762 866.3301115241458
2763 852.3839228295668
2764 353.9104294478483
2765 722.1212121211959
2766 352.2409240924053
2767 891.8519685039265
2768 843.0041095890207
2769 820.998412698401
2770 323.60347003154084
2771 857.6993127147582
2772 873.4268774703471
2773 839.0084639498225
2774 859.0328903654384
2775 880.6788530465802
2776 889.9999999999808
2777 849.8379182156
2778 900.0999999999801
2779 911.1999999999841
2780 551.755598455592
2781 791.417910447742
2782 795.4033898304857
2783 640.1055555555461
2784 870.7877551020312
2785 667.9773195876172
2786 803.4450160771515
2787 880.5697416974072
2788 884.4209790209644
2789 910.8999999999915
2790 851.7714285714121
2791 847.211864406762
2792 844.4957095709439
2793 887.6591695501645
2794 844.4320872273892
2795 900.4999999999864
2796 862.5285714285521
2797 479.57070063693436
2798 858.0953736654672
2799 850.8957095709453
2800 738.9310344827428
2801 850.8312977099142
2802 799.9628975264759
2803 628.9304347825941
2804 338.6834532374055
2805 874.8271966527045
2806 856.1272727272581
2807 851.8758842443601
2808 866.8377162629672
2809 283.2428115015922
2810 889.6484848484685
2811 853.1344262294921
2812 799.399999999978
2813 798.9515923566638
2814 844.7445859872411
2815 844.5438538205871
2816 811.8869009584467
2817 884.2764331209992
2818 841.3480916030422
2819 884.1777777777629
2820 882.2351535835988
2821 842.1377162629617
2822 845.5551495016477
2823 853.7978798586379
2824 726.3147540983498
2825 851.718987341759
2826 885.994980694963
2827 830.1537313432639
2828 778.8072164948256
2829 866.5454545454382
2830 822.2051948051734
2831 853.3173010380523
2832 878.1545454545269
2833 159.32417582417605
2834 851.0983606557235
2835 857.6655172413598
2836 828.3268138801091
2837 808.1313993173769
2838 829.9666666666568
2839 668.2999999999877
2840 691.8086378737452
2841 660.4270096462892
2842 755.7249999999788
2843 906.1999999999865
2844 875.9601307189319
2845 736.2999999999862
2846 884.4999999999881
2847 674.2159235668624
2848 842.4536423840921
2849 836.5987012986803
2850 890.0662251655524
2851 878.8020408163137
2852 883.3989619377068
2853 885.0649122806843
2854 877.0602230483145
2855 864.1963696369539
2856 829.8647058823393
2857 832.0546099290616
2858 671.680851063823
2859 560.3056737588589
2860 834.4122324158803
2861 196.5523961661349
2862 883.8999999999886
2863 900.5199261992526
2864 806.3149847094604
2865 839.2943894389321
2866 869.6577060931764
2867 872.2183391003359
2868 426.99431438126624
2869 648.4136645962612
2870 694.4065573770384
2871 884.7139860139689
2872 172.96472491909526
2873 798.1054054053851
2874 310.14965986394026
2875 867.3521126760363
2876 838.4084967320063
2877 848.9448818897532
2878 657.7333333333178
2879 647.7222222222117
2880 310.0363636363596
2881 562.3999999999927
2882 618.7972027971927
2883 861.1217391304164
2884 853.0803921568427
2885 879.3842105262981
2886 880.1454545454387
2887 428.2076677316244
2888 885.5328859060219
2889 810.4938511326683
2890 829.4973509933644
2891 848.050877192967
2892 642.2954983922739
2893 809.4295774647715
2894 844.1664536741052
2895 847.960942760927
2896 854.0272727272561
2897 905.1999999999815
2898 815.9219219219032
2899 878.0732394366005
2900 861.103508771912
2901 560.0826347305235
2902 898.9999999999817
2903 855.5945945945721
2904 139.56666666666814
2905 831.2658862876065
2906 639.426315789463
2907 822.4413793103289
2908 882.6695035460863
2909 778.3927335640027
2910 561.5878787878725
2911 842.1596491227888
2912 889.2333333333238
2913 841.6254071661034
2914 333.21351351350967
2915 628.9547945205385
2916 813.5803680981456
2917 779.4571428571296
2918 849.0971731448589
2919 769.5030674846473
2920 867.3366548042598
2921 874.7192170818407
2922 623.6317880794601
2923 625.1152091254663
2924 858.2921568627196
2925 887.4999999999818
2926 800.4838827838748
2927 772.4783132529974
2928 856.258823529392
2929 872.7319865319658
2930 876.5771863117704
2931 834.1235294117469
2932 439.25498154981096
2933 897.1999999999836
2934 817.312460063882
2935 576.170281124492
2936 819.6379204892734
2937 825.8826086956399
2938 848.5444444444262
2939 807.2121580546955
2940 879.7840579710032
2941 132.86430868167335
2942 844.4782312925062
2943 797.70944625405
2944 900.2470383275133
2945 866.2703703703542
2946 834.8930693069213
2947 859.3584905660222
2948 851.6532846715119
2949 659.0807017543776
2950 814.307903780046
2951 811.6927392739153
2952 833.4699300699143
2953 621.9753993610141
2954 852.4793650793442
2955 882.8072463768001
2956 586.1724137930943
2957 831.8562043795437
2958 847.5877300613372
2959 839.477257525061
2960 870.0986754966783
2961 897.7999999999812
2962 872.9993127147604
2963 859.029520295193
2964 655.8018867924454
2965 860.8881533100902
2966 834.1992619926102
2967 706.9189189189049
2968 854.5609756097348
2969 897.5354838709545
2970 851.8328903654362
2971 865.6887323943473
2972 613.9249999999885
2973 423.9888888888842
2974 870.9014981273308
2975 857.7487179487
2976 860.5016949152381
2977 839.0940828402217
2978 597.2992395437179
2979 804.7927392739115
2980 853.659409594087
2981 834.0517985611339
2982 838.0264604810776
2983 849.2685920577511
2984 868.9715302490966
2985 245.07250755286748
2986 350.42691029899515
2987 555.184272997022
2988 834.9900343642404
2989 370.06760124609843
2990 848.5521739130328
2991 825.7366013071697
2992 880.3064056939361
2993 858.8374999999851
2994 877.0513513513317
2995 835.6197183098408
2996 846.4644295301839
2997 862.9798319327656
2998 842.543812709011
2999 904.999999999988
